/TS  ARM DISARM  enable_i    abort_i ongoing_capture_i   dma_fifo_ready_i
//Simple ARM-DISARM test...
100 1   0   0   0   0   0
101 0   0   0   0   0   0
110 0   0   0   0   0   1
150 0   0   1   0   0   1
500 0   1   1   0   0   1
501 0   1   1   0   0   1
502 0   0   1   0   0   1
503 0   0   0   0   0   0
/Fifo full test...
1100 1   0   0   0   0   0
1101 0   0   0   0   0   0
1110 0   0   0   0   0   1
1150 0   0   1   0   0   1
1500 0   0   1   0   0   0
1501 0   0   1   0   0   1
1502 0   0   1   0   0   1
1503 0   0   0   0   0   0
/Ongoing write test...
2100 1   0   0   0   0   0
2101 0   0   0   0   0   0
2110 0   0   0   0   0   1
2150 0   0   1   0   0   1
2500 0   0   1   0   1   1
2600 0   0   0   0   1   1
2650 0   0   0   0   0   1
